358.222130
358.222130
358.222130
358.222130
358.222130
358.222130
358.222130
358.222130
358.222130
358.222130
358.222130
358.222130
358.222130
358.222130
358.222130
358.222130
358.222130
358.222130
358.222130
358.222130
358.222130
358.222130
358.222130
358.222130
358.222130
358.222130
358.222130
358.222130
358.222130
358.222130
358.222130
358.222130
358.222130
358.222130
358.222130
358.222130
358.222130
358.222130
358.222130
358.222130
358.222130
358.222130
358.222130
358.222130
358.222130
358.222130
358.222130
358.222130
358.222130
358.222130
358.222130
358.222130
358.222130
358.222130
358.222130
358.222130
358.222130
358.222130
358.222130
358.222130
358.222130
358.222130
358.222130
358.222130
358.222130
358.222130
358.222130
358.222130
358.222130
358.222130
358.222130
358.222130
358.222130
358.222130
358.222130
358.222130
358.222130
358.222130
358.222130
358.222130
358.222130
358.222130
358.222130
358.222130
358.222130
358.222130
358.222130
358.222130
358.222130
358.222130
358.222130
358.222130
358.222130
358.222130
358.222130
358.222130
358.222130
358.222130
358.222130
358.222130
358.221924
-410.528809
-794.587599
-1118.977083
-1414.178697
-1691.906022
-1958.135930
-2216.411501
-2469.044040
-2717.646802
-2963.404783
-3207.224317
-3449.821982
-3691.780415
-3933.584916
-4175.648348
-4418.328593
-4661.941124
-4906.768257
-5153.066103
-5401.069879
-5650.998042
-5903.055537
-6157.436397
-6414.325843
-6673.902000
-6936.337320
-7201.799761
-7470.453791
-7742.461239
-8017.982023
-8297.174782
-8580.197436
-8867.207668
-9158.363361
-9453.822986
-9753.745955
-10058.292940
-10367.626167
-10681.909687
-11001.309630
-11325.994438
-11656.135093
-11991.905322
-12333.481804
-12681.044358
-13034.776132
-13394.863775
-13761.497619
-14134.871840
-14515.184624
-14902.638325
-15297.439624
-15699.799679
-16109.934272
-16528.063960
-16954.414211
-17389.215551
-17832.703692
-18285.119669
-18746.709967
-19217.726647
-19698.427461
-20189.075970
-20689.941654
-21201.300009
-21723.432650
-22256.627394
-22801.178340
-23357.385945
-23925.557074
-24506.005059
-25099.049727
-25705.017427
-26324.241032
-26957.059935
-27603.820013
-28264.873584
-28940.579334
-29631.302223
-30337.413362
-31059.289867
-31797.314676
-32551.876340
-33323.368770
-34112.190953
-34918.746622
-35743.443886
-36586.694804
-37448.914920
-38330.522735
-39231.939124
-40153.586697
-41095.889089
-42059.270187
-43044.153283
-44050.960160
-45080.110089
-46132.018758
-887.500677
-887.500677
-887.500677
-887.500677
-887.500677
-887.500677
-887.500677
-887.500677
-887.500677
-887.500677
-887.500677
-887.500677
-887.500677
-887.500677
-887.500677
-887.500677
-887.500677
-887.500677
-887.500677
-887.500677
-887.500677
-887.500677
-887.500677
-887.500677
-887.500677
-887.500677
-887.500677
-887.500677
-887.500677
-887.500677
-887.500677
-887.500677
-887.500677
-887.500677
-887.500677
-887.500677
-887.500677
-887.500677
-887.500677
-887.500677
-887.500677
-887.500677
-887.500677
-887.500677
-887.500677
-887.500677
-887.500677
-887.500677
-887.500677
-887.500677
-887.500677
-887.500677
-887.500677
-887.500677
-887.500677
-887.500677
-887.500677
-887.500677
-887.500677
-887.500677
-887.500677
-887.500677
-887.500677
-887.500677
-887.500677
-887.500677
-887.500677
-887.500677
-887.500677
-887.500677
-887.500677
-887.500677
-887.500677
-887.500677
-887.500677
-887.500677
-887.500677
-887.500677
-887.500677
-887.500677
-887.500677
-887.500677
-887.500677
-887.500677
-887.500677
-887.500677
-887.500677
-887.500677
-887.500677
-887.500677
-887.500677
-887.500677
-887.500677
-887.500677
-887.500677
-887.500677
-887.500677
-887.500677
-887.500677
-887.500677
-1438.341457
-2207.721332
-2592.485728
-2917.657260
-3213.717383
-3492.379738
-3759.621299
-4018.985283
-4272.783181
-4522.628464
-4769.706393
-5014.923599
-5258.997000
-5502.509610
-5745.947145
-5989.722922
-6234.195319
-6479.680341
-6726.460873
-6974.793637
-7224.914498
-7477.042600
-7731.383614
-7988.132337
-8247.474796
-8509.589958
-8774.651159
-9042.827280
-9314.283753
-9589.183408
-9867.687208
-10149.954879
-10436.145465
-10726.417816
-11020.931026
-11319.844817
-11623.319895
-11931.518269
-12244.603543
-12562.741194
-12886.098817
-13214.846366
-13549.156378
-13889.204181
-14235.168099
-14587.229641
-14945.573690
-15310.388677
-15681.866762
-16060.203992
-16445.600473
-16838.260525
-17238.392838
-17646.210628
-18061.931779
-18485.778995
-18917.979939
-19358.767372
-19808.379290
-20267.059053
-20735.055514
-21212.623143
-21700.022142
-22197.518564
-22705.384415
-23223.897758
-23753.342805
-24294.010004
-24846.196119
-25410.204293
-25986.344107
-26574.931629
-27176.289439
-27790.746654
-28418.638927
-29060.308431
-29716.103828
-30386.380214
-31071.499039
-31771.828011
-32487.740962
-33219.617695
-33967.843794
-34732.810402
-35514.913963
-36314.555921
-37132.142385
-37968.083738
-38822.794208
-39696.691377
-40590.195646
-41503.729633
-42437.717511
-43392.584286
-44368.754998
-45366.653856
-46386.703298
-47429.322965
-48494.928602
-2068.489791
-2068.489791
-2068.489791
-2068.489791
-2068.489791
-2068.489791
-2068.489791
-2068.489791
-2068.489791
-2068.489791
-2068.489791
-2068.489791
-2068.489791
-2068.489791
-2068.489791
-2068.489791
-2068.489791
-2068.489791
-2068.489791
-2068.489791
-2068.489791
-2068.489791
-2068.489791
-2068.489791
-2068.489791
-2068.489791
-2068.489791
-2068.489791
-2068.489791
-2068.489791
-2068.489791
-2068.489791
-2068.489791
-2068.489791
-2068.489791
-2068.489791
-2068.489791
-2068.489791
-2068.489791
-2068.489791
-2068.489791
-2068.489791
-2068.489791
-2068.489791
-2068.489791
-2068.489791
-2068.489791
-2068.489791
-2068.489791
-2068.489791
-2068.489791
-2068.489791
-2068.489791
-2068.489791
-2068.489791
-2068.489791
-2068.489791
-2068.489791
-2068.489791
-2068.489791
-2068.489791
-2068.489791
-2068.489791
-2068.489791
-2068.489791
-2068.489791
-2068.489791
-2068.489791
-2068.489791
-2068.489791
-2068.489791
-2068.489791
-2068.489791
-2068.489791
-2068.489791
-2068.489791
-2068.489791
-2068.489791
-2068.489791
-2068.489791
-2068.489791
-2068.489791
-2068.489791
-2068.489791
-2068.489791
-2068.489791
-2068.489791
-2068.489791
-2068.489791
-2068.489791
-2068.489791
-2068.489791
-2068.489791
-2068.489791
-2068.489791
-2068.489791
-2068.489791
-2068.489791
-2068.489791
-2068.489791
-3164.690145
-3934.692901
-4320.155882
-4646.101681
-4943.011772
-5222.599853
-5490.842999
-5751.284568
-6006.236227
-6257.311670
-6505.696413
-6752.297384
-6997.831836
-7242.883157
-7487.937477
-7733.408562
-7979.655279
-8226.994159
-8475.708655
-8726.056088
-8978.272969
-9232.579120
-9489.180931
-9748.273957
-10010.045020
-10274.673924
-10542.334878
-10813.197677
-11087.428707
-11365.191792
-11646.648927
-11931.960913
-12221.287908
-12514.789921
-12812.627239
-13114.960827
-13421.952669
-13733.766099
-14050.566087
-14372.519519
-14699.795442
-15032.565307
-15371.003190
-15715.286005
-16065.593702
-16422.109466
-16785.019896
-17154.515190
-17530.789313
-17914.040170
-18304.469764
-18702.284362
-19107.694645
-19520.915863
-19942.167984
-20371.675837
-20809.669258
-21256.383222
-21712.057984
-22176.939207
-22651.278087
-23135.331481
-23629.362018
-24133.638215
-24648.434580
-25174.031716
-25710.716408
-26258.781711
-26818.527021
-27390.258147
-27974.287356
-28570.933424
-29180.521658
-29803.383916
-30439.858600
-31090.290640
-31755.031453
-32434.438884
-33128.877122
-33838.716594
-34564.333827
-35306.111283
-36064.437167
-36839.705188
-37632.314296
-38442.668370
-39271.175868
-40118.249430
-40984.305426
-41869.763459
-42775.045810
-43700.576821
-44646.782215
-45614.088353
-46602.921419
-47613.706530
-48646.866770
-49702.822147
-50781.988464
-3239.688241
-3239.688241
-3239.688241
-3239.688241
-3239.688241
-3239.688241
-3239.688241
-3239.688241
-3239.688241
-3239.688241
-3239.688241
-3239.688241
-3239.688241
-3239.688241
-3239.688241
-3239.688241
-3239.688241
-3239.688241
-3239.688241
-3239.688241
-3239.688241
-3239.688241
-3239.688241
-3239.688241
-3239.688241
-3239.688241
-3239.688241
-3239.688241
-3239.688241
-3239.688241
-3239.688241
-3239.688241
-3239.688241
-3239.688241
-3239.688241
-3239.688241
-3239.688241
-3239.688241
-3239.688241
-3239.688241
-3239.688241
-3239.688241
-3239.688241
-3239.688241
-3239.688241
-3239.688241
-3239.688241
-3239.688241
-3239.688241
-3239.688241
-3239.688241
-3239.688241
-3239.688241
-3239.688241
-3239.688241
-3239.688241
-3239.688241
-3239.688241
-3239.688241
-3239.688241
-3239.688241
-3239.688241
-3239.688241
-3239.688241
-3239.688241
-3239.688241
-3239.688241
-3239.688241
-3239.688241
-3239.688241
-3239.688241
-3239.688241
-3239.688241
-3239.688241
-3239.688241
-3239.688241
-3239.688241
-3239.688241
-3239.688241
-3239.688241
-3239.688241
-3239.688241
-3239.688241
-3239.688241
-3239.688241
-3239.688241
-3239.688241
-3239.688241
-3239.688241
-3239.688241
-3239.688241
-3239.688241
-3239.688241
-3239.688241
-3239.688241
-3239.688241
-3239.688241
-3239.688241
-3239.688241
-3239.688241
-4890.565870
-5661.202149
-6047.375651
-6374.108946
-6671.883526
-6952.413150
-7221.674994
-7483.212558
-7739.337692
-7991.664311
-8241.378195
-8489.386574
-8736.407040
-8983.023363
-9229.722091
-9476.917449
-9724.968801
-9974.193213
-10224.874714
-10477.271239
-10731.619951
-10988.141364
-11247.042599
-11508.519981
-11772.761142
-12039.946736
-12310.251861
-12583.847241
-12860.900232
-13141.575669
-13426.036599
-13714.444913
-14006.961906
-14303.748759
-14604.966980
-14910.778792
-15221.347484
-15536.837735
-15857.415905
-16183.250312
-16514.511481
-16851.372385
-17194.008666
-17542.598849
-17897.324541
-18258.370628
-18625.925459
-19000.181024
-19381.333129
-19769.581563
-20165.130264
-20568.187475
-20978.965903
-21397.682870
-21824.560460
-22259.825666
-22703.710530
-23156.452282
-23618.293474
-24089.482111
-24570.271774
-25060.921746
-25561.697122
-26072.868929
-26594.714219
-27127.516178
-27671.564208
-28227.154013
-28794.587672
-29374.173699
-29966.227097
-30571.069394
-31189.028673
-31820.439578
-32465.643308
-33124.987596
-33798.826661
-34487.521144
-35191.438021
-35910.950484
-36646.437800
-37398.285138
-38166.883366
-38952.628803
-39755.922950
-40577.172161
-41416.787285
-42275.183254
-43152.778618
-44049.995037
-44967.256704
-45904.989713
-46863.621365
-47843.579399
-48845.291161
-49869.182691
-50915.677733
-51985.196667
-53078.155354
-4444.821758
-4444.821758
-4444.821758
-4444.821758
-4444.821758
-4444.821758
-4444.821758
-4444.821758
-4444.821758
-4444.821758
-4444.821758
-4444.821758
-4444.821758
-4444.821758
-4444.821758
-4444.821758
-4444.821758
-4444.821758
-4444.821758
-4444.821758
-4444.821758
-4444.821758
-4444.821758
-4444.821758
-4444.821758
-4444.821758
-4444.821758
-4444.821758
-4444.821758
-4444.821758
-4444.821758
-4444.821758
-4444.821758
-4444.821758
-4444.821758
-4444.821758
-4444.821758
-4444.821758
-4444.821758
-4444.821758
-4444.821758
-4444.821758
-4444.821758
-4444.821758
-4444.821758
-4444.821758
-4444.821758
-4444.821758
-4444.821758
-4444.821758
-4444.821758
-4444.821758
-4444.821758
-4444.821758
-4444.821758
-4444.821758
-4444.821758
-4444.821758
-4444.821758
-4444.821758
-4444.821758
-4444.821758
-4444.821758
-4444.821758
-4444.821758
-4444.821758
-4444.821758
-4444.821758
-4444.821758
-4444.821758
-4444.821758
-4444.821758
-4444.821758
-4444.821758
-4444.821758
-4444.821758
-4444.821758
-4444.821758
-4444.821758
-4444.821758
-4444.821758
-4444.821758
-4444.821758
-4444.821758
-4444.821758
-4444.821758
-4444.821758
-4444.821758
-4444.821758
-4444.821758
-4444.821758
-4444.821758
-4444.821758
-4444.821758
-4444.821758
-4444.821758
-4444.821758
-4444.821758
-4444.821758
-4444.821758
-6669.560166
-7440.851878
-7827.760474
-8155.308500
-8453.977468
-8735.481198
-9005.796971
-9268.468435
-9525.807629
-9779.428697
-10030.517691
-10279.982151
-10528.540026
-10776.775476
-11025.175484
-11274.154749
-11524.073148
-11775.248305
-12027.964839
-12282.481324
-12539.035596
-12797.848885
-13059.129069
-13323.073271
-13589.869958
-13859.700665
-14132.741409
-14409.163877
-14689.136428
-14972.824940
-15260.393550
-15552.005280
-15847.822595
-16148.007895
-16452.723948
-16762.134279
-17076.403526
-17395.697760
-17720.184780
-18050.034386
-18385.418631
-18726.512062
-19073.491942
-19426.538463
-19785.834947
-20151.568039
-20523.927897
-20903.108367
-21289.307158
-21682.726011
-22083.570862
-22492.052002
-22908.384233
-23332.787019
-23765.484635
-24206.706311
-24656.686374
-25115.664385
-25583.885273
-26061.599466
-26549.063012
-27046.537703
-27554.291190
-28072.597091
-28601.735093
-29141.991054
-29693.657082
-30257.031625
-30832.419534
-31420.132124
-32020.487226
-32633.809220
-33260.429056
-33900.684262
-34554.918932
-35223.483697
-35906.735677
-36605.038406
-37318.761741
-38048.281734
-38793.980490
-39556.245977
-40335.471816
-41132.057032
-41946.405760
-42778.926916
-43630.033823
-44500.143783
-45389.677605
-46299.059074
-47228.714361
-48179.071375
-49150.559045
-50143.606541
-51158.642409
-52196.093643
-53256.384670
-54339.936257
-55447.164322
-5567.423660
-5567.423660
-5567.423660
-5567.423660
-5567.423660
-5567.423660
-5567.423660
-5567.423660
-5567.423660
-5567.423660
-5567.423660
-5567.423660
-5567.423660
-5567.423660
-5567.423660
-5567.423660
-5567.423660
-5567.423660
-5567.423660
-5567.423660
-5567.423660
-5567.423660
-5567.423660
-5567.423660
-5567.423660
-5567.423660
-5567.423660
-5567.423660
-5567.423660
-5567.423660
-5567.423660
-5567.423660
-5567.423660
-5567.423660
-5567.423660
-5567.423660
-5567.423660
-5567.423660
-5567.423660
-5567.423660
-5567.423660
-5567.423660
-5567.423660
-5567.423660
-5567.423660
-5567.423660
-5567.423660
-5567.423660
-5567.423660
-5567.423660
-5567.423660
-5567.423660
-5567.423660
-5567.423660
-5567.423660
-5567.423660
-5567.423660
-5567.423660
-5567.423660
-5567.423660
-5567.423660
-5567.423660
-5567.423660
-5567.423660
-5567.423660
-5567.423660
-5567.423660
-5567.423660
-5567.423660
-5567.423660
-5567.423660
-5567.423660
-5567.423660
-5567.423660
-5567.423660
-5567.423660
-5567.423660
-5567.423660
-5567.423660
-5567.423660
-5567.423660
-5567.423660
-5567.423660
-5567.423660
-5567.423660
-5567.423660
-5567.423660
-5567.423660
-5567.423660
-5567.423660
-5567.423660
-5567.423660
-5567.423660
-5567.423660
-5567.423660
-5567.423660
-5567.423660
-5567.423660
-5567.423660
-5567.423660
-8318.886240
-9090.779548
-9478.362859
-9806.658695
-10106.148585
-10388.546409
-10659.829542
-10923.541769
-11181.995299
-11436.804491
-11689.155643
-11939.956584
-12189.925585
-12439.647168
-12689.608714
-12940.225357
-13191.857446
-13444.823113
-13699.407525
-13955.869837
-14214.448506
-14475.365418
-14738.829146
-15005.037543
-15274.179848
-15546.438400
-15821.990061
-16101.007401
-16383.659699
-16670.113796
-16960.534822
-17255.086840
-17553.933391
-17857.237992
-18165.164566
-18477.877836
-18795.543677
-19118.329438
-19446.404237
-19779.939234
-20119.107888
-20464.086189
-20815.052888
-21172.189706
-21535.681538
-21905.716648
-22282.486851
-22666.187697
-23057.018642
-23455.183219
-23860.889197
-24274.348748
-24695.778596
-25125.400171
-25563.439758
-26010.128643
-26465.703248
-26930.405276
-27404.481836
-27888.185579
-28381.774818
-28885.513651
-29399.672070
-29924.526074
-30460.357769
-31007.455464
-31566.113753
-32136.633600
-32719.322400
-33314.494042
-33922.468951
-34543.574124
-35178.143144
-35826.516185
-36489.039998
-37166.067876
-37857.959599
-38565.081358
-39287.805652
-40026.511164
-40781.582598
-41553.410492
-42342.390998
-43148.925618
-43973.420910
-44816.288140
-45677.942900
-46558.804672
-47459.296334
-48379.843622
-49320.874523
-50282.818613
-51266.106317
-52271.168112
-53298.433651
-54348.330803
-55421.284621
-56517.716226
-57638.041591
-6774.919602
-6774.919602
-6774.919602
-6774.919602
-6774.919602
-6774.919602
-6774.919602
-6774.919602
-6774.919602
-6774.919602
-6774.919602
-6774.919602
-6774.919602
-6774.919602
-6774.919602
-6774.919602
-6774.919602
-6774.919602
-6774.919602
-6774.919602
-6774.919602
-6774.919602
-6774.919602
-6774.919602
-6774.919602
-6774.919602
-6774.919602
-6774.919602
-6774.919602
-6774.919602
-6774.919602
-6774.919602
-6774.919602
-6774.919602
-6774.919602
-6774.919602
-6774.919602
-6774.919602
-6774.919602
-6774.919602
-6774.919602
-6774.919602
-6774.919602
-6774.919602
-6774.919602
-6774.919602
-6774.919602
-6774.919602
-6774.919602
-6774.919602
-6774.919602
-6774.919602
-6774.919602
-6774.919602
-6774.919602
-6774.919602
-6774.919602
-6774.919602
-6774.919602
-6774.919602
-6774.919602
-6774.919602
-6774.919602
-6774.919602
-6774.919602
-6774.919602
-6774.919602
-6774.919602
-6774.919602
-6774.919602
-6774.919602
-6774.919602
-6774.919602
-6774.919602
-6774.919602
-6774.919602
-6774.919602
-6774.919602
-6774.919602
-6774.919602
-6774.919602
-6774.919602
-6774.919602
-6774.919602
-6774.919602
-6774.919602
-6774.919602
-6774.919602
-6774.919602
-6774.919602
-6774.919602
-6774.919602
-6774.919602
-6774.919602
-6774.919602
-6774.919602
-6774.919602
-6774.919602
-6774.919602
-6774.919602
-10074.482256
-10847.001575
-11235.286982
-11564.360975
-11864.705104
-12148.033306
-12420.323058
-12685.118283
-12944.731374
-13200.776907
-13454.441439
-13706.633099
-13958.070494
-14209.338521
-14460.924976
-14713.245445
-14966.660771
-15221.489612
-15478.017705
-15736.504811
-15997.190032
-16260.295939
-16526.031824
-16794.596305
-17066.179418
-17340.964343
-17619.128821
-17900.846341
-18186.287138
-18475.619053
-18769.008256
-19066.619887
-19368.618609
-19675.169100
-19986.436487
-20302.586738
-20623.787015
-20950.205998
-21282.014178
-21619.384131
-21962.490775
-22311.511605
-22666.626918
-23028.020029
-23395.877469
-23770.389183
-24151.748715
-24540.153386
-24935.804471
-25338.907365
-25749.671749
-26168.311748
-26595.046087
-27030.098244
-27473.696595
-27926.074563
-28387.470753
-28858.129093
-29338.298963
-29828.235329
-30328.198860
-30838.456049
-31359.279330
-31890.947177
-32433.744214
-32987.961299
-33553.895614
-34131.850740
-34722.136722
-35325.070124
-35940.974073
-36570.178288
-37213.019090
-37869.839411
-38540.988764
-39226.823210
-39927.705301
-40644.003989
-41376.094528
-42124.358331
-42889.182812
-43670.961182
-44470.092225
-45286.980024
-46122.033654
-46975.666829
-47848.297505
-48740.347425
-49652.241626
-50584.407872
-51537.276042
-52511.277442
-53506.844057
-54524.407726
-55564.399249
-56627.247407
-57713.377908
-58823.212236
-59957.166426
-8021.679211
-8021.679211
-8021.679211
-8021.679211
-8021.679211
-8021.679211
-8021.679211
-8021.679211
-8021.679211
-8021.679211
-8021.679211
-8021.679211
-8021.679211
-8021.679211
-8021.679211
-8021.679211
-8021.679211
-8021.679211
-8021.679211
-8021.679211
-8021.679211
-8021.679211
-8021.679211
-8021.679211
-8021.679211
-8021.679211
-8021.679211
-8021.679211
-8021.679211
-8021.679211
-8021.679211
-8021.679211
-8021.679211
-8021.679211
-8021.679211
-8021.679211
-8021.679211
-8021.679211
-8021.679211
-8021.679211
-8021.679211
-8021.679211
-8021.679211
-8021.679211
-8021.679211
-8021.679211
-8021.679211
-8021.679211
-8021.679211
-8021.679211
-8021.679211
-8021.679211
-8021.679211
-8021.679211
-8021.679211
-8021.679211
-8021.679211
-8021.679211
-8021.679211
-8021.679211
-8021.679211
-8021.679211
-8021.679211
-8021.679211
-8021.679211
-8021.679211
-8021.679211
-8021.679211
-8021.679211
-8021.679211
-8021.679211
-8021.679211
-8021.679211
-8021.679211
-8021.679211
-8021.679211
-8021.679211
-8021.679211
-8021.679211
-8021.679211
-8021.679211
-8021.679211
-8021.679211
-8021.679211
-8021.679211
-8021.679211
-8021.679211
-8021.679211
-8021.679211
-8021.679211
-8021.679211
-8021.679211
-8021.679211
-8021.679211
-8021.679211
-8021.679211
-8021.679211
-8021.679211
-8021.679211
-8021.679211
-11859.476139
-12632.610200
-13021.585065
-13351.423210
-13652.606200
-13936.848034
-14210.126285
-14475.985016
-14736.736794
-14993.996414
-15248.950686
-15502.508032
-15755.387388
-16008.174024
-16261.356140
-16515.349767
-16770.516230
-17027.174709
-17285.611497
-17546.086951
-17808.840806
-18074.096304
-18342.063449
-18612.941603
-18886.921591
-19164.187415
-19444.917679
-19729.286774
-20017.465879
-20309.623811
-20605.927763
-20906.543934
-21211.638088
-21521.376043
-21835.924108
-22155.449474
-22480.120569
-22810.107376
-23145.581735
-23486.717615
-23833.691366
-24186.681958
-24545.871211
-24911.444001
-25283.588467
-25662.496207
-26048.362460
-26441.386287
-26841.770749
-27249.723072
-27665.454810
-28089.182009
-28521.125359
-28961.510347
-29410.567405
-29868.532052
-30335.645038
-30812.152476
-31298.305978
-31794.362779
-32300.585863
-32817.244080
-33344.612254
-33882.971296
-34432.608298
-34993.816623
-35566.895996
-36152.152566
-36749.898981
-37360.454432
-37984.144698
-38621.302171
-39272.265865
-39937.381414
-40617.001046
-41311.483544
-42021.194175
-42746.504608
-43487.792799
-44245.442844
-45019.844816
-45811.394554
-46620.493424
-47447.548045
-48292.969964
-49157.175298
-50040.584321
-50943.621004
-51866.712497
-52810.288561
-53774.780929
-54760.622608
-55768.247113
-56798.087621
-57850.576061
-58926.142108
-60025.212110
-61148.207914
-62295.545608
-9367.637937
-9367.637937
-9367.637937
-9367.637937
-9367.637937
-9367.637937
-9367.637937
-9367.637937
-9367.637937
-9367.637937
-9367.637937
-9367.637937
-9367.637937
-9367.637937
-9367.637937
-9367.637937
-9367.637937
-9367.637937
-9367.637937
-9367.637937
-9367.637937
-9367.637937
-9367.637937
-9367.637937
-9367.637937
-9367.637937
-9367.637937
-9367.637937
-9367.637937
-9367.637937
-9367.637937
-9367.637937
-9367.637937
-9367.637937
-9367.637937
-9367.637937
-9367.637937
-9367.637937
-9367.637937
-9367.637937
-9367.637937
-9367.637937
-9367.637937
-9367.637937
-9367.637937
-9367.637937
-9367.637937
-9367.637937
-9367.637937
-9367.637937
-9367.637937
-9367.637937
-9367.637937
-9367.637937
-9367.637937
-9367.637937
-9367.637937
-9367.637937
-9367.637937
-9367.637937
-9367.637937
-9367.637937
-9367.637937
-9367.637937
-9367.637937
-9367.637937
-9367.637937
-9367.637937
-9367.637937
-9367.637937
-9367.637937
-9367.637937
-9367.637937
-9367.637937
-9367.637937
-9367.637937
-9367.637937
-9367.637937
-9367.637937
-9367.637937
-9367.637937
-9367.637937
-9367.637937
-9367.637937
-9367.637937
-9367.637937
-9367.637937
-9367.637937
-9367.637937
-9367.637937
-9367.637937
-9367.637937
-9367.637937
-9367.637937
-9367.637937
-9367.637937
-9367.637937
-9367.637937
-9367.637937
-9367.637937
-13750.246338
-14524.002655
-14913.675403
-15244.287036
-15546.319140
-15831.485769
-16105.764600
-16372.699831
-16634.604213
-16893.092755
-17149.352527
-17404.292247
-17658.631187
-17912.954988
-18167.752264
-18423.439495
-18680.378495
-18938.888969
-19199.257776
-19461.745875
-19726.593643
-19994.025002
-20264.250671
-20537.470772
-20813.876923
-21093.653962
-21376.981367
-21664.034440
-21954.985313
-22250.003797
-22549.258115
-22852.915542
-23161.142954
-23474.107324
-23791.976157
-24114.917883
-24443.102207
-24776.700437
-25115.885777
-25460.833603
-25811.721716
-26168.730581
-26532.043557
-26901.847101
-27278.330982
-27661.688467
-28052.116512
-28449.815942
-28854.991623
-29267.852633
-29688.612426
-30117.488990
-30554.705005
-31000.487992
-31455.070460
-31918.690056
-32391.589697
-32874.017710
-33366.227962
-33868.479991
-34381.039120
-34904.176583
-35438.169630
-35983.301633
-36539.862183
-37108.147183
-37688.458925
-38281.106163
-38886.404176
-39504.674818
-40136.246550
-40781.454470
-41440.640316
-42114.152460
-42802.345879
-43505.582106
-44224.229162
-44958.661464
-45709.259700
-46476.410688
-47260.507188
-48061.947699
-48881.136204
-49718.481884
-50574.398791
-51449.305475
-52343.624558
-53257.782260
-54192.207877
-55147.333186
-56123.591799
-57121.418445
-58141.248186
-59183.515557
-60248.653625
-61337.092973
-62449.260597
-63585.578708
-64746.463454
-10896.886179
-10896.886179
-10896.886179
-10896.886179
-10896.886179
-10896.886179
-10896.886179
-10896.886179
-10896.886179
-10896.886179
-10896.886179
-10896.886179
-10896.886179
-10896.886179
-10896.886179
-10896.886179
-10896.886179
-10896.886179
-10896.886179
-10896.886179
-10896.886179
-10896.886179
-10896.886179
-10896.886179
-10896.886179
-10896.886179
-10896.886179
-10896.886179
-10896.886179
-10896.886179
-10896.886179
-10896.886179
-10896.886179
-10896.886179
-10896.886179
-10896.886179
-10896.886179
-10896.886179
-10896.886179
-10896.886179
-10896.886179
-10896.886179
-10896.886179
-10896.886179
-10896.886179
-10896.886179
-10896.886179
-10896.886179
-10896.886179
-10896.886179
-10896.886179
-10896.886179
-10896.886179
-10896.886179
-10896.886179
-10896.886179
-10896.886179
-10896.886179
-10896.886179
-10896.886179
-10896.886179
-10896.886179
-10896.886179
-10896.886179
-10896.886179
-10896.886179
-10896.886179
-10896.886179
-10896.886179
-10896.886179
-10896.886179
-10896.886179
-10896.886179
-10896.886179
-10896.886179
-10896.886179
-10896.886179
-10896.886179
-10896.886179
-10896.886179
-10896.886179
-10896.886179
-10896.886179
-10896.886179
-10896.886179
-10896.886179
-10896.886179
-10896.886179
-10896.886179
-10896.886179
-10896.886179
-10896.886179
-10896.886179
-10896.886179
-10896.886179
-10896.886179
-10896.886179
-10896.886179
-10896.886179
-10896.886179
-15851.711058
-16626.120931
-17016.526667
-17347.950697
-17650.874625
-17937.012569
-18212.342309
-18480.408192
-18743.523154
-19003.302436
-19260.933378
-19517.325008
-19773.196951
-20029.135240
-20285.628920
-20543.094947
-20801.895645
-21062.351273
-21324.749283
-21589.351268
-21856.398276
-22126.114944
-22398.712747
-22674.392598
-22953.346954
-23235.761527
-23521.816712
-23811.688772
-24105.550839
-24403.573765
-24705.926859
-25012.778522
-25324.296800
-25640.649880
-25962.006522
-26288.536455
-26620.410731
-26957.802045
-27300.885035
-27649.836555
-28004.835929
-28366.065195
-28733.709324
-29107.956438
-29488.998013
-29877.029073
-30272.248377
-30674.858601
-31085.066507
-31503.083121
-31929.123890
-32363.408842
-32806.162746
-33257.615260
-33718.001078
-34187.560076
-34666.537451
-35155.183854
-35653.755523
-36162.514409
-36681.728299
-37211.670927
-37752.622089
-38304.867744
-38868.700111
-39444.417754
-40032.325667
-40632.735336
-41245.964808
-41872.338727
-42512.188377
-43165.851696
-43833.673284
-44516.004388
-45213.202870
-45925.633154
-46653.666154
-47397.679170
-48158.055766
-48935.185609
-49729.464291
-50541.293099
-51371.078764
-52219.233162
-53086.172976
-53972.319307
-54878.097244
-55803.935374
-56750.265241
-57717.520743
-58706.137464
-59716.551942
-60749.200866
-61804.520193
-62882.944188
-63984.904388
-65110.828467
-66261.139023
-67436.252261
-12426.378627
-12426.378627
-12426.378627
-12426.378627
-12426.378627
-12426.378627
-12426.378627
-12426.378627
-12426.378627
-12426.378627
-12426.378627
-12426.378627
-12426.378627
-12426.378627
-12426.378627
-12426.378627
-12426.378627
-12426.378627
-12426.378627
-12426.378627
-12426.378627
-12426.378627
-12426.378627
-12426.378627
-12426.378627
-12426.378627
-12426.378627
-12426.378627
-12426.378627
-12426.378627
-12426.378627
-12426.378627
-12426.378627
-12426.378627
-12426.378627
-12426.378627
-12426.378627
-12426.378627
-12426.378627
-12426.378627
-12426.378627
-12426.378627
-12426.378627
-12426.378627
-12426.378627
-12426.378627
-12426.378627
-12426.378627
-12426.378627
-12426.378627
-12426.378627
-12426.378627
-12426.378627
-12426.378627
-12426.378627
-12426.378627
-12426.378627
-12426.378627
-12426.378627
-12426.378627
-12426.378627
-12426.378627
-12426.378627
-12426.378627
-12426.378627
-12426.378627
-12426.378627
-12426.378627
-12426.378627
-12426.378627
-12426.378627
-12426.378627
-12426.378627
-12426.378627
-12426.378627
-12426.378627
-12426.378627
-12426.378627
-12426.378627
-12426.378627
-12426.378627
-12426.378627
-12426.378627
-12426.378627
-12426.378627
-12426.378627
-12426.378627
-12426.378627
-12426.378627
-12426.378627
-12426.378627
-12426.378627
-12426.378627
-12426.378627
-12426.378627
-12426.378627
-12426.378627
-12426.378627
-12426.378627
-12426.378627
-17906.283378
-18681.292968
-19072.371312
-19404.540818
-19708.283106
-19995.312353
-20271.606433
-20540.709829
-20804.935650
-21065.899346
-21324.788507
-21582.512445
-21839.791109
-22097.210891
-22355.261235
-22614.359528
-22874.868566
-23137.109115
-23401.369172
-23667.910909
-23936.975994
-24208.789719
-24483.564249
-24761.501228
-25042.793878
-25327.628716
-25616.186981
-25908.645812
-26205.179261
-26505.959137
-26811.155744
-27120.938516
-27435.476574
-27754.939217
-28079.496358
-28409.318919
-28744.579185
-29085.451126
-29432.110695
-29784.736102
-30143.508071
-30508.610079
-30880.228580
-31258.553223
-31643.777050
-32036.096698
-32435.712579
-32842.829066
-33257.654667
-33680.402190
-34111.288910
-34550.536732
-34998.372339
-35455.027350
-35920.738464
-36395.747604
-36880.302057
-37374.654607
-37879.063667
-38393.793406
-38919.113866
-39455.301080
-40002.637180
-40561.410498
-41131.915661
-41714.453680
-42309.332025
-42916.864692
-43537.372264
-44171.181950
-44818.627620
-45480.049820
-46155.795777
-46846.219374
-47551.681123
-48272.548100
-49009.193872
-49761.998387
-50531.347844
-51317.634531
-52121.256631
-52942.617995
-53782.127875
-54640.200618
-55517.255321
-56413.715428
-57330.008291
-58266.564668
-59223.818167
-60202.204631
-61202.161455
-62224.126837
-63268.538957
-64335.835078
-65426.450567
-66540.817831
-67679.365171
-68842.515537
-70030.685188
-14253.285218
-14253.285218
-14253.285218
-14253.285218
-14253.285218
-14253.285218
-14253.285218
-14253.285218
-14253.285218
-14253.285218
-14253.285218
-14253.285218
-14253.285218
-14253.285218
-14253.285218
-14253.285218
-14253.285218
-14253.285218
-14253.285218
-14253.285218
-14253.285218
-14253.285218
-14253.285218
-14253.285218
-14253.285218
-14253.285218
-14253.285218
-14253.285218
-14253.285218
-14253.285218
-14253.285218
-14253.285218
-14253.285218
-14253.285218
-14253.285218
-14253.285218
-14253.285218
-14253.285218
-14253.285218
-14253.285218
-14253.285218
-14253.285218
-14253.285218
-14253.285218
-14253.285218
-14253.285218
-14253.285218
-14253.285218
-14253.285218
-14253.285218
-14253.285218
-14253.285218
-14253.285218
-14253.285218
-14253.285218
-14253.285218
-14253.285218
-14253.285218
-14253.285218
-14253.285218
-14253.285218
-14253.285218
-14253.285218
-14253.285218
-14253.285218
-14253.285218
-14253.285218
-14253.285218
-14253.285218
-14253.285218
-14253.285218
-14253.285218
-14253.285218
-14253.285218
-14253.285218
-14253.285218
-14253.285218
-14253.285218
-14253.285218
-14253.285218
-14253.285218
-14253.285218
-14253.285218
-14253.285218
-14253.285218
-14253.285218
-14253.285218
-14253.285218
-14253.285218
-14253.285218
-14253.285218
-14253.285218
-14253.285218
-14253.285218
-14253.285218
-14253.285218
-14253.285218
-14253.285218
-14253.285218
-14253.285218
-20304.858346
-21080.520866
-21472.331496
-21805.312620
-22109.945879
-22397.945510
-22675.289494
-22945.522458
-23210.957699
-23473.210899
-23733.469916
-23992.644373
-24251.454572
-24510.487296
-24770.232420
-25031.107805
-25293.476757
-25557.660597
-25823.947913
-26092.601511
-26363.863730
-26637.960575
-26915.104966
-27195.499340
-27479.337753
-27766.807599
-28058.091031
-28353.366150
-28652.808004
-28956.589445
-29264.881859
-29577.855808
-29895.681580
-30218.529686
-30546.571295
-30879.978627
-31218.925311
-31563.586703
-31914.140188
-32270.765454
-32633.644747
-33002.963112
-33378.908618
-33761.672573
-34151.449729
-34548.438475
-34952.841026
-35364.863604
-35784.716610
-36212.614798
-36648.777435
-37093.428464
-37546.796656
-38009.115764
-38480.624669
-38961.567522
-39452.193888
-39952.758871
-40463.523255
-40984.753619
-41516.722465
-42059.708326
-42613.995876
-43179.876032
-43757.646046
-44347.609590
-44950.076829
-45565.364493
-46193.795925
-46835.701127
-47491.416786
-48161.286287
-48845.659713
-49544.893823
-50259.352009
-50989.404238
-51735.426963
-52497.803016
-53276.921465
-54073.177450
-54886.971978
-55718.711688
-56568.808578
-57437.679687
-58325.746737
-59233.435725
-60161.176467
-61109.402083
-62078.548430
-63069.053468
-64081.356563
-65115.897720
-66173.116744
-67253.452319
-68357.341009
-69485.216173
-70637.506793
-71814.636199
-73017.020714
-16113.713627
-16113.713627
-16113.713627
-16113.713627
-16113.713627
-16113.713627
-16113.713627
-16113.713627
-16113.713627
-16113.713627
-16113.713627
-16113.713627
-16113.713627
-16113.713627
-16113.713627
-16113.713627
-16113.713627
-16113.713627
-16113.713627
-16113.713627
-16113.713627
-16113.713627
-16113.713627
-16113.713627
-16113.713627
-16113.713627
-16113.713627
-16113.713627
-16113.713627
-16113.713627
-16113.713627
-16113.713627
-16113.713627
-16113.713627
-16113.713627
-16113.713627
-16113.713627
-16113.713627
-16113.713627
-16113.713627
-16113.713627
-16113.713627
-16113.713627
-16113.713627
-16113.713627
-16113.713627
-16113.713627
-16113.713627
-16113.713627
-16113.713627
-16113.713627
-16113.713627
-16113.713627
-16113.713627
-16113.713627
-16113.713627
-16113.713627
-16113.713627
-16113.713627
-16113.713627
-16113.713627
-16113.713627
-16113.713627
-16113.713627
-16113.713627
-16113.713627
-16113.713627
-16113.713627
-16113.713627
-16113.713627
-16113.713627
-16113.713627
-16113.713627
-16113.713627
-16113.713627
-16113.713627
-16113.713627
-16113.713627
-16113.713627
-16113.713627
-16113.713627
-16113.713627
-16113.713627
-16113.713627
-16113.713627
-16113.713627
-16113.713627
-16113.713627
-16113.713627
-16113.713627
-16113.713627
-16113.713627
-16113.713627
-16113.713627
-16113.713627
-16113.713627
-16113.713627
-16113.713627
-16113.713627
-16113.713627
-22693.655227
-23469.921222
-23862.408673
-24196.139940
-24501.596685
-24790.493201
-25068.807564
-25340.084540
-25606.637597
-25870.082629
-26131.607745
-26392.122855
-26652.348585
-26912.872082
-27174.183618
-27436.701492
-27700.789484
-27966.769424
-28234.930449
-28505.535948
-28778.828884
-29055.035919
-29334.370670
-29617.036308
-29903.227660
-30193.132930
-30486.935118
-30784.813210
-31086.943177
-31393.498835
-31704.652571
-32020.575987
-32341.440451
-32667.417595
-32998.679748
-33335.400331
-33677.754211
-34025.918029
-34380.070493
-34740.392656
-35107.068172
-35480.283534
-35860.228305
-36247.095326
-36641.080928
-37042.385121
-37451.211785
-37867.768850
-38292.268471
-38724.927197
-39165.966137
-39615.611118
-40074.092840
-40541.647028
-41018.514581
-41504.941711
-42001.180084
-42507.486953
-43024.125288
-43551.363901
-44089.477563
-44638.747120
-45199.459597
-45771.908298
-46356.392901
-46953.219536
-47562.700864
-48185.156138
-48820.911254
-49470.298793
-50133.658045
-50811.335022
-51503.682448
-52211.059734
-52933.832941
-53672.374702
-54427.064141
-55198.286754
-55986.434263
-56791.904441
-57615.100905
-58456.432875
-59316.314882
-60195.166456
-61093.411744
-62011.479104
-62949.800628
-63908.811619
-64888.950014
-65890.655727
-66914.369949
-67960.534354
-69029.590248
-70121.977628
-71238.134167
-72378.494102
-73543.487043
-74733.536676
-75949.059377
-18267.588705
-18267.588705
-18267.588705
-18267.588705
-18267.588705
-18267.588705
-18267.588705
-18267.588705
-18267.588705
-18267.588705
-18267.588705
-18267.588705
-18267.588705
-18267.588705
-18267.588705
-18267.588705
-18267.588705
-18267.588705
-18267.588705
-18267.588705
-18267.588705
-18267.588705
-18267.588705
-18267.588705
-18267.588705
-18267.588705
-18267.588705
-18267.588705
-18267.588705
-18267.588705
-18267.588705
-18267.588705
-18267.588705
-18267.588705
-18267.588705
-18267.588705
-18267.588705
-18267.588705
-18267.588705
-18267.588705
-18267.588705
-18267.588705
-18267.588705
-18267.588705
-18267.588705
-18267.588705
-18267.588705
-18267.588705
-18267.588705
-18267.588705
-18267.588705
-18267.588705
-18267.588705
-18267.588705
-18267.588705
-18267.588705
-18267.588705
-18267.588705
-18267.588705
-18267.588705
-18267.588705
-18267.588705
-18267.588705
-18267.588705
-18267.588705
-18267.588705
-18267.588705
-18267.588705
-18267.588705
-18267.588705
-18267.588705
-18267.588705
-18267.588705
-18267.588705
-18267.588705
-18267.588705
-18267.588705
-18267.588705
-18267.588705
-18267.588705
-18267.588705
-18267.588705
-18267.588705
-18267.588705
-18267.588705
-18267.588705
-18267.588705
-18267.588705
-18267.588705
-18267.588705
-18267.588705
-18267.588705
-18267.588705
-18267.588705
-18267.588705
-18267.588705
-18267.588705
-18267.588705
-18267.588705
-18267.588705
-25402.207581
-26179.107098
-26572.305070
-26906.823833
-27213.145067
-27502.983126
-27782.316187
-28054.689158
-28322.415690
-28587.111899
-28849.966156
-29111.888673
-29373.600417
-29635.688915
-29898.644860
-30162.887007
-30428.779633
-30696.645107
-30966.773136
-31239.427727
-31514.852493
-31793.274790
-32074.908965
-32359.958959
-32648.620410
-32941.082370
-33237.528729
-33538.139402
-33843.091331
-34152.559340
-34466.716871
-34785.736615
-35109.791077
-35439.053061
-35773.696117
-36113.894924
-36459.825654
-36811.666293
-37169.596939
-37533.800077
-37904.460839
-38281.767240
-38665.910408
-39057.084798
-39455.488395
-39861.322912
-40274.793976
-40696.111312
-41125.488914
-41563.145218
-42009.303265
-42464.190859
-42928.040726
-43401.090664
-43883.583686
-44375.768168
-44877.897984
-45390.232641
-45913.037406
-46446.583433
-46991.147878
-47547.014012
-48114.471329
-48693.815640
-49285.349168
-49889.380626
-50506.225292
-51136.205069
-51779.648532
-52436.890973
-53108.274414
-53794.147621
-54494.866091
-55210.792024
-55942.294276
-56689.748285
-57453.535977
-58234.045643
-59031.671790
-59846.814959
-60679.881507
-61531.283357
-62401.437709
-63290.766699
-64199.697026
-65128.659523
-66078.088672
-67048.422071
-68040.099834
-69053.563934
-70089.257471
-71147.623875
-72229.106026
-73334.145302
-74463.180537
-75616.646891
-76794.974634
-77998.587823
-79227.902895
-20702.660884
-20702.660884
-20702.660884
-20702.660884
-20702.660884
-20702.660884
-20702.660884
-20702.660884
-20702.660884
-20702.660884
-20702.660884
-20702.660884
-20702.660884
-20702.660884
-20702.660884
-20702.660884
-20702.660884
-20702.660884
-20702.660884
-20702.660884
-20702.660884
-20702.660884
-20702.660884
-20702.660884
-20702.660884
-20702.660884
-20702.660884
-20702.660884
-20702.660884
-20702.660884
-20702.660884
-20702.660884
-20702.660884
-20702.660884
-20702.660884
-20702.660884
-20702.660884
-20702.660884
-20702.660884
-20702.660884
-20702.660884
-20702.660884
-20702.660884
-20702.660884
-20702.660884
-20702.660884
-20702.660884
-20702.660884
-20702.660884
-20702.660884
-20702.660884
-20702.660884
-20702.660884
-20702.660884
-20702.660884
-20702.660884
-20702.660884
-20702.660884
-20702.660884
-20702.660884
-20702.660884
-20702.660884
-20702.660884
-20702.660884
-20702.660884
-20702.660884
-20702.660884
-20702.660884
-20702.660884
-20702.660884
-20702.660884
-20702.660884
-20702.660884
-20702.660884
-20702.660884
-20702.660884
-20702.660884
-20702.660884
-20702.660884
-20702.660884
-20702.660884
-20702.660884
-20702.660884
-20702.660884
-20702.660884
-20702.660884
-20702.660884
-20702.660884
-20702.660884
-20702.660884
-20702.660884
-20702.660884
-20702.660884
-20702.660884
-20702.660884
-20702.660884
-20702.660884
-20702.660884
-20702.660884
-20702.660884
-28403.467137
-29181.013323
-29574.936560
-29910.259161
-30217.462822
-30508.261962
-30788.634860
-31062.126569
-31331.050927
-31597.024276
-31861.235255
-32124.594385
-32387.822979
-32651.508954
-32916.143430
-33182.145630
-33449.880339
-33719.670472
-33991.806324
-34266.552527
-34544.153362
-34824.836889
-35108.818203
-35396.302031
-35687.484838
-35982.556541
-36281.701940
-36585.101898
-36892.934347
-37205.375143
-37522.598799
-37844.779124
-38172.089778
-38504.704767
-38842.798882
-39186.548091
-39536.129894
-39891.723652
-40253.510880
-40621.675527
-40996.404233
-41377.886566
-41766.315253
-42161.886393
-42564.799662
-42975.258512
-43393.470353
-43819.646740
-44254.003547
-44696.761133
-45148.144512
-45608.383509
-46077.712917
-46556.372645
-47044.607870
-47542.669175
-48050.812688
-48569.300215
-49098.399370
-49638.383696
-50189.532784
-50752.132381
-51326.474500
-51912.857512
-52511.586237
-53122.972025
-53747.332826
-54384.993246
-55036.284598
-55701.544938
-56381.119077
-57075.358593
-57784.621815
-58509.273788
-59249.686222
-60006.237417
-60779.312158
-61569.301592
-62376.603070
-63201.619953
-64044.761399
-64906.442091
-65787.081947
-66687.105771
-67606.942863
-68547.026581
-69507.793850
-70489.684607
-71493.141192
-72518.607676
-73566.529112
-74637.350717
-75731.516983
-76849.470694
-77991.651871
-79158.496615
-80350.435870
-81567.894074
-82811.287720
-23147.360016
-23147.360016
-23147.360016
-23147.360016
-23147.360016
-23147.360016
-23147.360016
-23147.360016
-23147.360016
-23147.360016
-23147.360016
-23147.360016
-23147.360016
-23147.360016
-23147.360016
-23147.360016
-23147.360016
-23147.360016
-23147.360016
-23147.360016
-23147.360016
-23147.360016
-23147.360016
-23147.360016
-23147.360016
-23147.360016
-23147.360016
-23147.360016
-23147.360016
-23147.360016
-23147.360016
-23147.360016
-23147.360016
-23147.360016
-23147.360016
-23147.360016
-23147.360016
-23147.360016
-23147.360016
-23147.360016
-23147.360016
-23147.360016
-23147.360016
-23147.360016
-23147.360016
-23147.360016
-23147.360016
-23147.360016
-23147.360016
-23147.360016
-23147.360016
-23147.360016
-23147.360016
-23147.360016
-23147.360016
-23147.360016
-23147.360016
-23147.360016
-23147.360016
-23147.360016
-23147.360016
-23147.360016
-23147.360016
-23147.360016
-23147.360016
-23147.360016
-23147.360016
-23147.360016
-23147.360016
-23147.360016
-23147.360016
-23147.360016
-23147.360016
-23147.360016
-23147.360016
-23147.360016
-23147.360016
-23147.360016
-23147.360016
-23147.360016
-23147.360016
-23147.360016
-23147.360016
-23147.360016
-23147.360016
-23147.360016
-23147.360016
-23147.360016
-23147.360016
-23147.360016
-23147.360016
-23147.360016
-23147.360016
-23147.360016
-23147.360016
-23147.360016
-23147.360016
-23147.360016
-23147.360016
-23147.360016
-31363.380338
-32141.514975
-32536.098182
-32872.152251
-33180.158897
-33471.832592
-33753.151712
-34027.661439
-34297.675783
-34564.811293
-34830.256849
-35094.923255
-35359.532139
-35624.671772
-35890.833662
-36158.437460
-36427.848411
-36699.389927
-36973.352839
-37250.002349
-37529.583343
-37812.324525
-38098.441667
-38388.140214
-38681.617380
-38979.063875
-39280.665321
-39586.603447
-39897.057086
-40212.203031
-40532.216773
-40857.273134
-41187.546829
-41523.212955
-41864.447434
-42211.427405
-42564.331579
-42923.340565
-43288.637171
-43660.406677
-44038.837094
-44424.119403
-44816.447788
-45216.019843
-45623.036783
-46037.703641
-46460.229451
-46890.827434
-47329.715172
-47777.114777
-48233.253057
-48698.361676
-49172.677305
-49656.441780
-50149.902243
-50653.311286
-51166.927088
-51691.013549
-52225.840417
-52771.683408
-53328.824329
-53897.551182
-54478.158271
-55070.946295
-55676.222441
-56294.300456
-56925.500721
-57570.150304
-58228.583007
-58901.139402
-59588.166838
-60290.019454
-61007.058152
-61739.650567
-62488.171008
-63253.000377
-64034.526064
-64833.141812
-65649.247559
-66483.249237
-67335.558546
-68206.592686
-69096.774047
-70006.529859
-70936.291789
-71886.495496
-72857.580125
-73849.987741
-74864.162713
-75900.551018
-76959.599486
-78041.754964
-79147.463405
-80277.168877
-81431.312479
-82610.331170
-83814.656506
-85044.713270
-86300.918011
