-1.047198
-1.036726
-1.026254
-1.015782
-1.005310
-0.994838
-0.984366
-0.973894
-0.963422
-0.952950
-0.942478
-0.932006
-0.921534
-0.911062
-0.900590
-0.890118
-0.879646
-0.869174
-0.858702
-0.848230
-0.837758
-0.827286
-0.816814
-0.806342
-0.795870
-0.785398
-0.774926
-0.764454
-0.753982
-0.743510
-0.733038
-0.722566
-0.712094
-0.701622
-0.691150
-0.680678
-0.670206
-0.659734
-0.649262
-0.638791
-0.628319
-0.617847
-0.607375
-0.596903
-0.586431
-0.575959
-0.565487
-0.555015
-0.544543
-0.534071
-0.523599
-0.513127
-0.502655
-0.492183
-0.481711
-0.471239
-0.460767
-0.450295
-0.439823
-0.429351
-0.418879
-0.408407
-0.397935
-0.387463
-0.376991
-0.366519
-0.356047
-0.345575
-0.335103
-0.324631
-0.314159
-0.303687
-0.293215
-0.282743
-0.272271
-0.261799
-0.251327
-0.240855
-0.230383
-0.219911
-0.209440
-0.198968
-0.188496
-0.178024
-0.167552
-0.157080
-0.146608
-0.136136
-0.125664
-0.115192
-0.104720
-0.094248
-0.083776
-0.073304
-0.062832
-0.052360
-0.041888
-0.031416
-0.020944
-0.010472
0.000000
0.010472
0.020944
0.031416
0.041888
0.052360
0.062832
0.073304
0.083776
0.094248
0.104720
0.115192
0.125664
0.136136
0.146608
0.157080
0.167552
0.178024
0.188496
0.198968
0.209440
0.219911
0.230383
0.240855
0.251327
0.261799
0.272271
0.282743
0.293215
0.303687
0.314159
0.324631
0.335103
0.345575
0.356047
0.366519
0.376991
0.387463
0.397935
0.408407
0.418879
0.429351
0.439823
0.450295
0.460767
0.471239
0.481711
0.492183
0.502655
0.513127
0.523599
0.534071
0.544543
0.555015
0.565487
0.575959
0.586431
0.596903
0.607375
0.617847
0.628319
0.638791
0.649262
0.659734
0.670206
0.680678
0.691150
0.701622
0.712094
0.722566
0.733038
0.743510
0.753982
0.764454
0.774926
0.785398
0.795870
0.806342
0.816814
0.827286
0.837758
0.848230
0.858702
0.869174
0.879646
0.890118
0.900590
0.911062
0.921534
0.932006
0.942478
0.952950
0.963422
0.973894
0.984366
0.994838
1.005310
1.015782
1.026254
-1.047198
-1.036726
-1.026254
-1.015782
-1.005310
-0.994838
-0.984366
-0.973894
-0.963422
-0.952950
-0.942478
-0.932006
-0.921534
-0.911062
-0.900590
-0.890118
-0.879646
-0.869174
-0.858702
-0.848230
-0.837758
-0.827286
-0.816814
-0.806342
-0.795870
-0.785398
-0.774926
-0.764454
-0.753982
-0.743510
-0.733038
-0.722566
-0.712094
-0.701622
-0.691150
-0.680678
-0.670206
-0.659734
-0.649262
-0.638791
-0.628319
-0.617847
-0.607375
-0.596903
-0.586431
-0.575959
-0.565487
-0.555015
-0.544543
-0.534071
-0.523599
-0.513127
-0.502655
-0.492183
-0.481711
-0.471239
-0.460767
-0.450295
-0.439823
-0.429351
-0.418879
-0.408407
-0.397935
-0.387463
-0.376991
-0.366519
-0.356047
-0.345575
-0.335103
-0.324631
-0.314159
-0.303687
-0.293215
-0.282743
-0.272271
-0.261799
-0.251327
-0.240855
-0.230383
-0.219911
-0.209440
-0.198968
-0.188496
-0.178024
-0.167552
-0.157080
-0.146608
-0.136136
-0.125664
-0.115192
-0.104720
-0.094248
-0.083776
-0.073304
-0.062832
-0.052360
-0.041888
-0.031416
-0.020944
-0.010472
0.000000
0.010472
0.020944
0.031416
0.041888
0.052360
0.062832
0.073304
0.083776
0.094248
0.104720
0.115192
0.125664
0.136136
0.146608
0.157080
0.167552
0.178024
0.188496
0.198968
0.209440
0.219911
0.230383
0.240855
0.251327
0.261799
0.272271
0.282743
0.293215
0.303687
0.314159
0.324631
0.335103
0.345575
0.356047
0.366519
0.376991
0.387463
0.397935
0.408407
0.418879
0.429351
0.439823
0.450295
0.460767
0.471239
0.481711
0.492183
0.502655
0.513127
0.523599
0.534071
0.544543
0.555015
0.565487
0.575959
0.586431
0.596903
0.607375
0.617847
0.628319
0.638791
0.649262
0.659734
0.670206
0.680678
0.691150
0.701622
0.712094
0.722566
0.733038
0.743510
0.753982
0.764454
0.774926
0.785398
0.795870
0.806342
0.816814
0.827286
0.837758
0.848230
0.858702
0.869174
0.879646
0.890118
0.900590
0.911062
0.921534
0.932006
0.942478
0.952950
0.963422
0.973894
0.984366
0.994838
1.005310
1.015782
1.026254
-1.047198
-1.036726
-1.026254
-1.015782
-1.005310
-0.994838
-0.984366
-0.973894
-0.963422
-0.952950
-0.942478
-0.932006
-0.921534
-0.911062
-0.900590
-0.890118
-0.879646
-0.869174
-0.858702
-0.848230
-0.837758
-0.827286
-0.816814
-0.806342
-0.795870
-0.785398
-0.774926
-0.764454
-0.753982
-0.743510
-0.733038
-0.722566
-0.712094
-0.701622
-0.691150
-0.680678
-0.670206
-0.659734
-0.649262
-0.638791
-0.628319
-0.617847
-0.607375
-0.596903
-0.586431
-0.575959
-0.565487
-0.555015
-0.544543
-0.534071
-0.523599
-0.513127
-0.502655
-0.492183
-0.481711
-0.471239
-0.460767
-0.450295
-0.439823
-0.429351
-0.418879
-0.408407
-0.397935
-0.387463
-0.376991
-0.366519
-0.356047
-0.345575
-0.335103
-0.324631
-0.314159
-0.303687
-0.293215
-0.282743
-0.272271
-0.261799
-0.251327
-0.240855
-0.230383
-0.219911
-0.209440
-0.198968
-0.188496
-0.178024
-0.167552
-0.157080
-0.146608
-0.136136
-0.125664
-0.115192
-0.104720
-0.094248
-0.083776
-0.073304
-0.062832
-0.052360
-0.041888
-0.031416
-0.020944
-0.010472
0.000000
0.010472
0.020944
0.031416
0.041888
0.052360
0.062832
0.073304
0.083776
0.094248
0.104720
0.115192
0.125664
0.136136
0.146608
0.157080
0.167552
0.178024
0.188496
0.198968
0.209440
0.219911
0.230383
0.240855
0.251327
0.261799
0.272271
0.282743
0.293215
0.303687
0.314159
0.324631
0.335103
0.345575
0.356047
0.366519
0.376991
0.387463
0.397935
0.408407
0.418879
0.429351
0.439823
0.450295
0.460767
0.471239
0.481711
0.492183
0.502655
0.513127
0.523599
0.534071
0.544543
0.555015
0.565487
0.575959
0.586431
0.596903
0.607375
0.617847
0.628319
0.638791
0.649262
0.659734
0.670206
0.680678
0.691150
0.701622
0.712094
0.722566
0.733038
0.743510
0.753982
0.764454
0.774926
0.785398
0.795870
0.806342
0.816814
0.827286
0.837758
0.848230
0.858702
0.869174
0.879646
0.890118
0.900590
0.911062
0.921534
0.932006
0.942478
0.952950
0.963422
0.973894
0.984366
0.994838
1.005310
1.015782
1.026254
-1.047198
-1.036726
-1.026254
-1.015782
-1.005310
-0.994838
-0.984366
-0.973894
-0.963422
-0.952950
-0.942478
-0.932006
-0.921534
-0.911062
-0.900590
-0.890118
-0.879646
-0.869174
-0.858702
-0.848230
-0.837758
-0.827286
-0.816814
-0.806342
-0.795870
-0.785398
-0.774926
-0.764454
-0.753982
-0.743510
-0.733038
-0.722566
-0.712094
-0.701622
-0.691150
-0.680678
-0.670206
-0.659734
-0.649262
-0.638791
-0.628319
-0.617847
-0.607375
-0.596903
-0.586431
-0.575959
-0.565487
-0.555015
-0.544543
-0.534071
-0.523599
-0.513127
-0.502655
-0.492183
-0.481711
-0.471239
-0.460767
-0.450295
-0.439823
-0.429351
-0.418879
-0.408407
-0.397935
-0.387463
-0.376991
-0.366519
-0.356047
-0.345575
-0.335103
-0.324631
-0.314159
-0.303687
-0.293215
-0.282743
-0.272271
-0.261799
-0.251327
-0.240855
-0.230383
-0.219911
-0.209440
-0.198968
-0.188496
-0.178024
-0.167552
-0.157080
-0.146608
-0.136136
-0.125664
-0.115192
-0.104720
-0.094248
-0.083776
-0.073304
-0.062832
-0.052360
-0.041888
-0.031416
-0.020944
-0.010472
0.000000
0.010472
0.020944
0.031416
0.041888
0.052360
0.062832
0.073304
0.083776
0.094248
0.104720
0.115192
0.125664
0.136136
0.146608
0.157080
0.167552
0.178024
0.188496
0.198968
0.209440
0.219911
0.230383
0.240855
0.251327
0.261799
0.272271
0.282743
0.293215
0.303687
0.314159
0.324631
0.335103
0.345575
0.356047
0.366519
0.376991
0.387463
0.397935
0.408407
0.418879
0.429351
0.439823
0.450295
0.460767
0.471239
0.481711
0.492183
0.502655
0.513127
0.523599
0.534071
0.544543
0.555015
0.565487
0.575959
0.586431
0.596903
0.607375
0.617847
0.628319
0.638791
0.649262
0.659734
0.670206
0.680678
0.691150
0.701622
0.712094
0.722566
0.733038
0.743510
0.753982
0.764454
0.774926
0.785398
0.795870
0.806342
0.816814
0.827286
0.837758
0.848230
0.858702
0.869174
0.879646
0.890118
0.900590
0.911062
0.921534
0.932006
0.942478
0.952950
0.963422
0.973894
0.984366
0.994838
1.005310
1.015782
1.026254
-1.047198
-1.036726
-1.026254
-1.015782
-1.005310
-0.994838
-0.984366
-0.973894
-0.963422
-0.952950
-0.942478
-0.932006
-0.921534
-0.911062
-0.900590
-0.890118
-0.879646
-0.869174
-0.858702
-0.848230
-0.837758
-0.827286
-0.816814
-0.806342
-0.795870
-0.785398
-0.774926
-0.764454
-0.753982
-0.743510
-0.733038
-0.722566
-0.712094
-0.701622
-0.691150
-0.680678
-0.670206
-0.659734
-0.649262
-0.638791
-0.628319
-0.617847
-0.607375
-0.596903
-0.586431
-0.575959
-0.565487
-0.555015
-0.544543
-0.534071
-0.523599
-0.513127
-0.502655
-0.492183
-0.481711
-0.471239
-0.460767
-0.450295
-0.439823
-0.429351
-0.418879
-0.408407
-0.397935
-0.387463
-0.376991
-0.366519
-0.356047
-0.345575
-0.335103
-0.324631
-0.314159
-0.303687
-0.293215
-0.282743
-0.272271
-0.261799
-0.251327
-0.240855
-0.230383
-0.219911
-0.209440
-0.198968
-0.188496
-0.178024
-0.167552
-0.157080
-0.146608
-0.136136
-0.125664
-0.115192
-0.104720
-0.094248
-0.083776
-0.073304
-0.062832
-0.052360
-0.041888
-0.031416
-0.020944
-0.010472
0.000000
0.010472
0.020944
0.031416
0.041888
0.052360
0.062832
0.073304
0.083776
0.094248
0.104720
0.115192
0.125664
0.136136
0.146608
0.157080
0.167552
0.178024
0.188496
0.198968
0.209440
0.219911
0.230383
0.240855
0.251327
0.261799
0.272271
0.282743
0.293215
0.303687
0.314159
0.324631
0.335103
0.345575
0.356047
0.366519
0.376991
0.387463
0.397935
0.408407
0.418879
0.429351
0.439823
0.450295
0.460767
0.471239
0.481711
0.492183
0.502655
0.513127
0.523599
0.534071
0.544543
0.555015
0.565487
0.575959
0.586431
0.596903
0.607375
0.617847
0.628319
0.638791
0.649262
0.659734
0.670206
0.680678
0.691150
0.701622
0.712094
0.722566
0.733038
0.743510
0.753982
0.764454
0.774926
0.785398
0.795870
0.806342
0.816814
0.827286
0.837758
0.848230
0.858702
0.869174
0.879646
0.890118
0.900590
0.911062
0.921534
0.932006
0.942478
0.952950
0.963422
0.973894
0.984366
0.994838
1.005310
1.015782
1.026254
-1.047198
-1.036726
-1.026254
-1.015782
-1.005310
-0.994838
-0.984366
-0.973894
-0.963422
-0.952950
-0.942478
-0.932006
-0.921534
-0.911062
-0.900590
-0.890118
-0.879646
-0.869174
-0.858702
-0.848230
-0.837758
-0.827286
-0.816814
-0.806342
-0.795870
-0.785398
-0.774926
-0.764454
-0.753982
-0.743510
-0.733038
-0.722566
-0.712094
-0.701622
-0.691150
-0.680678
-0.670206
-0.659734
-0.649262
-0.638791
-0.628319
-0.617847
-0.607375
-0.596903
-0.586431
-0.575959
-0.565487
-0.555015
-0.544543
-0.534071
-0.523599
-0.513127
-0.502655
-0.492183
-0.481711
-0.471239
-0.460767
-0.450295
-0.439823
-0.429351
-0.418879
-0.408407
-0.397935
-0.387463
-0.376991
-0.366519
-0.356047
-0.345575
-0.335103
-0.324631
-0.314159
-0.303687
-0.293215
-0.282743
-0.272271
-0.261799
-0.251327
-0.240855
-0.230383
-0.219911
-0.209440
-0.198968
-0.188496
-0.178024
-0.167552
-0.157080
-0.146608
-0.136136
-0.125664
-0.115192
-0.104720
-0.094248
-0.083776
-0.073304
-0.062832
-0.052360
-0.041888
-0.031416
-0.020944
-0.010472
0.000000
0.010472
0.020944
0.031416
0.041888
0.052360
0.062832
0.073304
0.083776
0.094248
0.104720
0.115192
0.125664
0.136136
0.146608
0.157080
0.167552
0.178024
0.188496
0.198968
0.209440
0.219911
0.230383
0.240855
0.251327
0.261799
0.272271
0.282743
0.293215
0.303687
0.314159
0.324631
0.335103
0.345575
0.356047
0.366519
0.376991
0.387463
0.397935
0.408407
0.418879
0.429351
0.439823
0.450295
0.460767
0.471239
0.481711
0.492183
0.502655
0.513127
0.523599
0.534071
0.544543
0.555015
0.565487
0.575959
0.586431
0.596903
0.607375
0.617847
0.628319
0.638791
0.649262
0.659734
0.670206
0.680678
0.691150
0.701622
0.712094
0.722566
0.733038
0.743510
0.753982
0.764454
0.774926
0.785398
0.795870
0.806342
0.816814
0.827286
0.837758
0.848230
0.858702
0.869174
0.879646
0.890118
0.900590
0.911062
0.921534
0.932006
0.942478
0.952950
0.963422
0.973894
0.984366
0.994838
1.005310
1.015782
1.026254
-1.047198
-1.036726
-1.026254
-1.015782
-1.005310
-0.994838
-0.984366
-0.973894
-0.963422
-0.952950
-0.942478
-0.932006
-0.921534
-0.911062
-0.900590
-0.890118
-0.879646
-0.869174
-0.858702
-0.848230
-0.837758
-0.827286
-0.816814
-0.806342
-0.795870
-0.785398
-0.774926
-0.764454
-0.753982
-0.743510
-0.733038
-0.722566
-0.712094
-0.701622
-0.691150
-0.680678
-0.670206
-0.659734
-0.649262
-0.638791
-0.628319
-0.617847
-0.607375
-0.596903
-0.586431
-0.575959
-0.565487
-0.555015
-0.544543
-0.534071
-0.523599
-0.513127
-0.502655
-0.492183
-0.481711
-0.471239
-0.460767
-0.450295
-0.439823
-0.429351
-0.418879
-0.408407
-0.397935
-0.387463
-0.376991
-0.366519
-0.356047
-0.345575
-0.335103
-0.324631
-0.314159
-0.303687
-0.293215
-0.282743
-0.272271
-0.261799
-0.251327
-0.240855
-0.230383
-0.219911
-0.209440
-0.198968
-0.188496
-0.178024
-0.167552
-0.157080
-0.146608
-0.136136
-0.125664
-0.115192
-0.104720
-0.094248
-0.083776
-0.073304
-0.062832
-0.052360
-0.041888
-0.031416
-0.020944
-0.010472
0.000000
0.010472
0.020944
0.031416
0.041888
0.052360
0.062832
0.073304
0.083776
0.094248
0.104720
0.115192
0.125664
0.136136
0.146608
0.157080
0.167552
0.178024
0.188496
0.198968
0.209440
0.219911
0.230383
0.240855
0.251327
0.261799
0.272271
0.282743
0.293215
0.303687
0.314159
0.324631
0.335103
0.345575
0.356047
0.366519
0.376991
0.387463
0.397935
0.408407
0.418879
0.429351
0.439823
0.450295
0.460767
0.471239
0.481711
0.492183
0.502655
0.513127
0.523599
0.534071
0.544543
0.555015
0.565487
0.575959
0.586431
0.596903
0.607375
0.617847
0.628319
0.638791
0.649262
0.659734
0.670206
0.680678
0.691150
0.701622
0.712094
0.722566
0.733038
0.743510
0.753982
0.764454
0.774926
0.785398
0.795870
0.806342
0.816814
0.827286
0.837758
0.848230
0.858702
0.869174
0.879646
0.890118
0.900590
0.911062
0.921534
0.932006
0.942478
0.952950
0.963422
0.973894
0.984366
0.994838
1.005310
1.015782
1.026254
-1.047198
-1.036726
-1.026254
-1.015782
-1.005310
-0.994838
-0.984366
-0.973894
-0.963422
-0.952950
-0.942478
-0.932006
-0.921534
-0.911062
-0.900590
-0.890118
-0.879646
-0.869174
-0.858702
-0.848230
-0.837758
-0.827286
-0.816814
-0.806342
-0.795870
-0.785398
-0.774926
-0.764454
-0.753982
-0.743510
-0.733038
-0.722566
-0.712094
-0.701622
-0.691150
-0.680678
-0.670206
-0.659734
-0.649262
-0.638791
-0.628319
-0.617847
-0.607375
-0.596903
-0.586431
-0.575959
-0.565487
-0.555015
-0.544543
-0.534071
-0.523599
-0.513127
-0.502655
-0.492183
-0.481711
-0.471239
-0.460767
-0.450295
-0.439823
-0.429351
-0.418879
-0.408407
-0.397935
-0.387463
-0.376991
-0.366519
-0.356047
-0.345575
-0.335103
-0.324631
-0.314159
-0.303687
-0.293215
-0.282743
-0.272271
-0.261799
-0.251327
-0.240855
-0.230383
-0.219911
-0.209440
-0.198968
-0.188496
-0.178024
-0.167552
-0.157080
-0.146608
-0.136136
-0.125664
-0.115192
-0.104720
-0.094248
-0.083776
-0.073304
-0.062832
-0.052360
-0.041888
-0.031416
-0.020944
-0.010472
0.000000
0.010472
0.020944
0.031416
0.041888
0.052360
0.062832
0.073304
0.083776
0.094248
0.104720
0.115192
0.125664
0.136136
0.146608
0.157080
0.167552
0.178024
0.188496
0.198968
0.209440
0.219911
0.230383
0.240855
0.251327
0.261799
0.272271
0.282743
0.293215
0.303687
0.314159
0.324631
0.335103
0.345575
0.356047
0.366519
0.376991
0.387463
0.397935
0.408407
0.418879
0.429351
0.439823
0.450295
0.460767
0.471239
0.481711
0.492183
0.502655
0.513127
0.523599
0.534071
0.544543
0.555015
0.565487
0.575959
0.586431
0.596903
0.607375
0.617847
0.628319
0.638791
0.649262
0.659734
0.670206
0.680678
0.691150
0.701622
0.712094
0.722566
0.733038
0.743510
0.753982
0.764454
0.774926
0.785398
0.795870
0.806342
0.816814
0.827286
0.837758
0.848230
0.858702
0.869174
0.879646
0.890118
0.900590
0.911062
0.921534
0.932006
0.942478
0.952950
0.963422
0.973894
0.984366
0.994838
1.005310
1.015782
1.026254
-1.047198
-1.036726
-1.026254
-1.015782
-1.005310
-0.994838
-0.984366
-0.973894
-0.963422
-0.952950
-0.942478
-0.932006
-0.921534
-0.911062
-0.900590
-0.890118
-0.879646
-0.869174
-0.858702
-0.848230
-0.837758
-0.827286
-0.816814
-0.806342
-0.795870
-0.785398
-0.774926
-0.764454
-0.753982
-0.743510
-0.733038
-0.722566
-0.712094
-0.701622
-0.691150
-0.680678
-0.670206
-0.659734
-0.649262
-0.638791
-0.628319
-0.617847
-0.607375
-0.596903
-0.586431
-0.575959
-0.565487
-0.555015
-0.544543
-0.534071
-0.523599
-0.513127
-0.502655
-0.492183
-0.481711
-0.471239
-0.460767
-0.450295
-0.439823
-0.429351
-0.418879
-0.408407
-0.397935
-0.387463
-0.376991
-0.366519
-0.356047
-0.345575
-0.335103
-0.324631
-0.314159
-0.303687
-0.293215
-0.282743
-0.272271
-0.261799
-0.251327
-0.240855
-0.230383
-0.219911
-0.209440
-0.198968
-0.188496
-0.178024
-0.167552
-0.157080
-0.146608
-0.136136
-0.125664
-0.115192
-0.104720
-0.094248
-0.083776
-0.073304
-0.062832
-0.052360
-0.041888
-0.031416
-0.020944
-0.010472
0.000000
0.010472
0.020944
0.031416
0.041888
0.052360
0.062832
0.073304
0.083776
0.094248
0.104720
0.115192
0.125664
0.136136
0.146608
0.157080
0.167552
0.178024
0.188496
0.198968
0.209440
0.219911
0.230383
0.240855
0.251327
0.261799
0.272271
0.282743
0.293215
0.303687
0.314159
0.324631
0.335103
0.345575
0.356047
0.366519
0.376991
0.387463
0.397935
0.408407
0.418879
0.429351
0.439823
0.450295
0.460767
0.471239
0.481711
0.492183
0.502655
0.513127
0.523599
0.534071
0.544543
0.555015
0.565487
0.575959
0.586431
0.596903
0.607375
0.617847
0.628319
0.638791
0.649262
0.659734
0.670206
0.680678
0.691150
0.701622
0.712094
0.722566
0.733038
0.743510
0.753982
0.764454
0.774926
0.785398
0.795870
0.806342
0.816814
0.827286
0.837758
0.848230
0.858702
0.869174
0.879646
0.890118
0.900590
0.911062
0.921534
0.932006
0.942478
0.952950
0.963422
0.973894
0.984366
0.994838
1.005310
1.015782
1.026254
-1.047198
-1.036726
-1.026254
-1.015782
-1.005310
-0.994838
-0.984366
-0.973894
-0.963422
-0.952950
-0.942478
-0.932006
-0.921534
-0.911062
-0.900590
-0.890118
-0.879646
-0.869174
-0.858702
-0.848230
-0.837758
-0.827286
-0.816814
-0.806342
-0.795870
-0.785398
-0.774926
-0.764454
-0.753982
-0.743510
-0.733038
-0.722566
-0.712094
-0.701622
-0.691150
-0.680678
-0.670206
-0.659734
-0.649262
-0.638791
-0.628319
-0.617847
-0.607375
-0.596903
-0.586431
-0.575959
-0.565487
-0.555015
-0.544543
-0.534071
-0.523599
-0.513127
-0.502655
-0.492183
-0.481711
-0.471239
-0.460767
-0.450295
-0.439823
-0.429351
-0.418879
-0.408407
-0.397935
-0.387463
-0.376991
-0.366519
-0.356047
-0.345575
-0.335103
-0.324631
-0.314159
-0.303687
-0.293215
-0.282743
-0.272271
-0.261799
-0.251327
-0.240855
-0.230383
-0.219911
-0.209440
-0.198968
-0.188496
-0.178024
-0.167552
-0.157080
-0.146608
-0.136136
-0.125664
-0.115192
-0.104720
-0.094248
-0.083776
-0.073304
-0.062832
-0.052360
-0.041888
-0.031416
-0.020944
-0.010472
0.000000
0.010472
0.020944
0.031416
0.041888
0.052360
0.062832
0.073304
0.083776
0.094248
0.104720
0.115192
0.125664
0.136136
0.146608
0.157080
0.167552
0.178024
0.188496
0.198968
0.209440
0.219911
0.230383
0.240855
0.251327
0.261799
0.272271
0.282743
0.293215
0.303687
0.314159
0.324631
0.335103
0.345575
0.356047
0.366519
0.376991
0.387463
0.397935
0.408407
0.418879
0.429351
0.439823
0.450295
0.460767
0.471239
0.481711
0.492183
0.502655
0.513127
0.523599
0.534071
0.544543
0.555015
0.565487
0.575959
0.586431
0.596903
0.607375
0.617847
0.628319
0.638791
0.649262
0.659734
0.670206
0.680678
0.691150
0.701622
0.712094
0.722566
0.733038
0.743510
0.753982
0.764454
0.774926
0.785398
0.795870
0.806342
0.816814
0.827286
0.837758
0.848230
0.858702
0.869174
0.879646
0.890118
0.900590
0.911062
0.921534
0.932006
0.942478
0.952950
0.963422
0.973894
0.984366
0.994838
1.005310
1.015782
1.026254
-1.047198
-1.036726
-1.026254
-1.015782
-1.005310
-0.994838
-0.984366
-0.973894
-0.963422
-0.952950
-0.942478
-0.932006
-0.921534
-0.911062
-0.900590
-0.890118
-0.879646
-0.869174
-0.858702
-0.848230
-0.837758
-0.827286
-0.816814
-0.806342
-0.795870
-0.785398
-0.774926
-0.764454
-0.753982
-0.743510
-0.733038
-0.722566
-0.712094
-0.701622
-0.691150
-0.680678
-0.670206
-0.659734
-0.649262
-0.638791
-0.628319
-0.617847
-0.607375
-0.596903
-0.586431
-0.575959
-0.565487
-0.555015
-0.544543
-0.534071
-0.523599
-0.513127
-0.502655
-0.492183
-0.481711
-0.471239
-0.460767
-0.450295
-0.439823
-0.429351
-0.418879
-0.408407
-0.397935
-0.387463
-0.376991
-0.366519
-0.356047
-0.345575
-0.335103
-0.324631
-0.314159
-0.303687
-0.293215
-0.282743
-0.272271
-0.261799
-0.251327
-0.240855
-0.230383
-0.219911
-0.209440
-0.198968
-0.188496
-0.178024
-0.167552
-0.157080
-0.146608
-0.136136
-0.125664
-0.115192
-0.104720
-0.094248
-0.083776
-0.073304
-0.062832
-0.052360
-0.041888
-0.031416
-0.020944
-0.010472
0.000000
0.010472
0.020944
0.031416
0.041888
0.052360
0.062832
0.073304
0.083776
0.094248
0.104720
0.115192
0.125664
0.136136
0.146608
0.157080
0.167552
0.178024
0.188496
0.198968
0.209440
0.219911
0.230383
0.240855
0.251327
0.261799
0.272271
0.282743
0.293215
0.303687
0.314159
0.324631
0.335103
0.345575
0.356047
0.366519
0.376991
0.387463
0.397935
0.408407
0.418879
0.429351
0.439823
0.450295
0.460767
0.471239
0.481711
0.492183
0.502655
0.513127
0.523599
0.534071
0.544543
0.555015
0.565487
0.575959
0.586431
0.596903
0.607375
0.617847
0.628319
0.638791
0.649262
0.659734
0.670206
0.680678
0.691150
0.701622
0.712094
0.722566
0.733038
0.743510
0.753982
0.764454
0.774926
0.785398
0.795870
0.806342
0.816814
0.827286
0.837758
0.848230
0.858702
0.869174
0.879646
0.890118
0.900590
0.911062
0.921534
0.932006
0.942478
0.952950
0.963422
0.973894
0.984366
0.994838
1.005310
1.015782
1.026254
-1.047198
-1.036726
-1.026254
-1.015782
-1.005310
-0.994838
-0.984366
-0.973894
-0.963422
-0.952950
-0.942478
-0.932006
-0.921534
-0.911062
-0.900590
-0.890118
-0.879646
-0.869174
-0.858702
-0.848230
-0.837758
-0.827286
-0.816814
-0.806342
-0.795870
-0.785398
-0.774926
-0.764454
-0.753982
-0.743510
-0.733038
-0.722566
-0.712094
-0.701622
-0.691150
-0.680678
-0.670206
-0.659734
-0.649262
-0.638791
-0.628319
-0.617847
-0.607375
-0.596903
-0.586431
-0.575959
-0.565487
-0.555015
-0.544543
-0.534071
-0.523599
-0.513127
-0.502655
-0.492183
-0.481711
-0.471239
-0.460767
-0.450295
-0.439823
-0.429351
-0.418879
-0.408407
-0.397935
-0.387463
-0.376991
-0.366519
-0.356047
-0.345575
-0.335103
-0.324631
-0.314159
-0.303687
-0.293215
-0.282743
-0.272271
-0.261799
-0.251327
-0.240855
-0.230383
-0.219911
-0.209440
-0.198968
-0.188496
-0.178024
-0.167552
-0.157080
-0.146608
-0.136136
-0.125664
-0.115192
-0.104720
-0.094248
-0.083776
-0.073304
-0.062832
-0.052360
-0.041888
-0.031416
-0.020944
-0.010472
0.000000
0.010472
0.020944
0.031416
0.041888
0.052360
0.062832
0.073304
0.083776
0.094248
0.104720
0.115192
0.125664
0.136136
0.146608
0.157080
0.167552
0.178024
0.188496
0.198968
0.209440
0.219911
0.230383
0.240855
0.251327
0.261799
0.272271
0.282743
0.293215
0.303687
0.314159
0.324631
0.335103
0.345575
0.356047
0.366519
0.376991
0.387463
0.397935
0.408407
0.418879
0.429351
0.439823
0.450295
0.460767
0.471239
0.481711
0.492183
0.502655
0.513127
0.523599
0.534071
0.544543
0.555015
0.565487
0.575959
0.586431
0.596903
0.607375
0.617847
0.628319
0.638791
0.649262
0.659734
0.670206
0.680678
0.691150
0.701622
0.712094
0.722566
0.733038
0.743510
0.753982
0.764454
0.774926
0.785398
0.795870
0.806342
0.816814
0.827286
0.837758
0.848230
0.858702
0.869174
0.879646
0.890118
0.900590
0.911062
0.921534
0.932006
0.942478
0.952950
0.963422
0.973894
0.984366
0.994838
1.005310
1.015782
1.026254
-1.047198
-1.036726
-1.026254
-1.015782
-1.005310
-0.994838
-0.984366
-0.973894
-0.963422
-0.952950
-0.942478
-0.932006
-0.921534
-0.911062
-0.900590
-0.890118
-0.879646
-0.869174
-0.858702
-0.848230
-0.837758
-0.827286
-0.816814
-0.806342
-0.795870
-0.785398
-0.774926
-0.764454
-0.753982
-0.743510
-0.733038
-0.722566
-0.712094
-0.701622
-0.691150
-0.680678
-0.670206
-0.659734
-0.649262
-0.638791
-0.628319
-0.617847
-0.607375
-0.596903
-0.586431
-0.575959
-0.565487
-0.555015
-0.544543
-0.534071
-0.523599
-0.513127
-0.502655
-0.492183
-0.481711
-0.471239
-0.460767
-0.450295
-0.439823
-0.429351
-0.418879
-0.408407
-0.397935
-0.387463
-0.376991
-0.366519
-0.356047
-0.345575
-0.335103
-0.324631
-0.314159
-0.303687
-0.293215
-0.282743
-0.272271
-0.261799
-0.251327
-0.240855
-0.230383
-0.219911
-0.209440
-0.198968
-0.188496
-0.178024
-0.167552
-0.157080
-0.146608
-0.136136
-0.125664
-0.115192
-0.104720
-0.094248
-0.083776
-0.073304
-0.062832
-0.052360
-0.041888
-0.031416
-0.020944
-0.010472
0.000000
0.010472
0.020944
0.031416
0.041888
0.052360
0.062832
0.073304
0.083776
0.094248
0.104720
0.115192
0.125664
0.136136
0.146608
0.157080
0.167552
0.178024
0.188496
0.198968
0.209440
0.219911
0.230383
0.240855
0.251327
0.261799
0.272271
0.282743
0.293215
0.303687
0.314159
0.324631
0.335103
0.345575
0.356047
0.366519
0.376991
0.387463
0.397935
0.408407
0.418879
0.429351
0.439823
0.450295
0.460767
0.471239
0.481711
0.492183
0.502655
0.513127
0.523599
0.534071
0.544543
0.555015
0.565487
0.575959
0.586431
0.596903
0.607375
0.617847
0.628319
0.638791
0.649262
0.659734
0.670206
0.680678
0.691150
0.701622
0.712094
0.722566
0.733038
0.743510
0.753982
0.764454
0.774926
0.785398
0.795870
0.806342
0.816814
0.827286
0.837758
0.848230
0.858702
0.869174
0.879646
0.890118
0.900590
0.911062
0.921534
0.932006
0.942478
0.952950
0.963422
0.973894
0.984366
0.994838
1.005310
1.015782
1.026254
-1.047198
-1.036726
-1.026254
-1.015782
-1.005310
-0.994838
-0.984366
-0.973894
-0.963422
-0.952950
-0.942478
-0.932006
-0.921534
-0.911062
-0.900590
-0.890118
-0.879646
-0.869174
-0.858702
-0.848230
-0.837758
-0.827286
-0.816814
-0.806342
-0.795870
-0.785398
-0.774926
-0.764454
-0.753982
-0.743510
-0.733038
-0.722566
-0.712094
-0.701622
-0.691150
-0.680678
-0.670206
-0.659734
-0.649262
-0.638791
-0.628319
-0.617847
-0.607375
-0.596903
-0.586431
-0.575959
-0.565487
-0.555015
-0.544543
-0.534071
-0.523599
-0.513127
-0.502655
-0.492183
-0.481711
-0.471239
-0.460767
-0.450295
-0.439823
-0.429351
-0.418879
-0.408407
-0.397935
-0.387463
-0.376991
-0.366519
-0.356047
-0.345575
-0.335103
-0.324631
-0.314159
-0.303687
-0.293215
-0.282743
-0.272271
-0.261799
-0.251327
-0.240855
-0.230383
-0.219911
-0.209440
-0.198968
-0.188496
-0.178024
-0.167552
-0.157080
-0.146608
-0.136136
-0.125664
-0.115192
-0.104720
-0.094248
-0.083776
-0.073304
-0.062832
-0.052360
-0.041888
-0.031416
-0.020944
-0.010472
0.000000
0.010472
0.020944
0.031416
0.041888
0.052360
0.062832
0.073304
0.083776
0.094248
0.104720
0.115192
0.125664
0.136136
0.146608
0.157080
0.167552
0.178024
0.188496
0.198968
0.209440
0.219911
0.230383
0.240855
0.251327
0.261799
0.272271
0.282743
0.293215
0.303687
0.314159
0.324631
0.335103
0.345575
0.356047
0.366519
0.376991
0.387463
0.397935
0.408407
0.418879
0.429351
0.439823
0.450295
0.460767
0.471239
0.481711
0.492183
0.502655
0.513127
0.523599
0.534071
0.544543
0.555015
0.565487
0.575959
0.586431
0.596903
0.607375
0.617847
0.628319
0.638791
0.649262
0.659734
0.670206
0.680678
0.691150
0.701622
0.712094
0.722566
0.733038
0.743510
0.753982
0.764454
0.774926
0.785398
0.795870
0.806342
0.816814
0.827286
0.837758
0.848230
0.858702
0.869174
0.879646
0.890118
0.900590
0.911062
0.921534
0.932006
0.942478
0.952950
0.963422
0.973894
0.984366
0.994838
1.005310
1.015782
1.026254
-1.047198
-1.036726
-1.026254
-1.015782
-1.005310
-0.994838
-0.984366
-0.973894
-0.963422
-0.952950
-0.942478
-0.932006
-0.921534
-0.911062
-0.900590
-0.890118
-0.879646
-0.869174
-0.858702
-0.848230
-0.837758
-0.827286
-0.816814
-0.806342
-0.795870
-0.785398
-0.774926
-0.764454
-0.753982
-0.743510
-0.733038
-0.722566
-0.712094
-0.701622
-0.691150
-0.680678
-0.670206
-0.659734
-0.649262
-0.638791
-0.628319
-0.617847
-0.607375
-0.596903
-0.586431
-0.575959
-0.565487
-0.555015
-0.544543
-0.534071
-0.523599
-0.513127
-0.502655
-0.492183
-0.481711
-0.471239
-0.460767
-0.450295
-0.439823
-0.429351
-0.418879
-0.408407
-0.397935
-0.387463
-0.376991
-0.366519
-0.356047
-0.345575
-0.335103
-0.324631
-0.314159
-0.303687
-0.293215
-0.282743
-0.272271
-0.261799
-0.251327
-0.240855
-0.230383
-0.219911
-0.209440
-0.198968
-0.188496
-0.178024
-0.167552
-0.157080
-0.146608
-0.136136
-0.125664
-0.115192
-0.104720
-0.094248
-0.083776
-0.073304
-0.062832
-0.052360
-0.041888
-0.031416
-0.020944
-0.010472
0.000000
0.010472
0.020944
0.031416
0.041888
0.052360
0.062832
0.073304
0.083776
0.094248
0.104720
0.115192
0.125664
0.136136
0.146608
0.157080
0.167552
0.178024
0.188496
0.198968
0.209440
0.219911
0.230383
0.240855
0.251327
0.261799
0.272271
0.282743
0.293215
0.303687
0.314159
0.324631
0.335103
0.345575
0.356047
0.366519
0.376991
0.387463
0.397935
0.408407
0.418879
0.429351
0.439823
0.450295
0.460767
0.471239
0.481711
0.492183
0.502655
0.513127
0.523599
0.534071
0.544543
0.555015
0.565487
0.575959
0.586431
0.596903
0.607375
0.617847
0.628319
0.638791
0.649262
0.659734
0.670206
0.680678
0.691150
0.701622
0.712094
0.722566
0.733038
0.743510
0.753982
0.764454
0.774926
0.785398
0.795870
0.806342
0.816814
0.827286
0.837758
0.848230
0.858702
0.869174
0.879646
0.890118
0.900590
0.911062
0.921534
0.932006
0.942478
0.952950
0.963422
0.973894
0.984366
0.994838
1.005310
1.015782
1.026254
-1.047198
-1.036726
-1.026254
-1.015782
-1.005310
-0.994838
-0.984366
-0.973894
-0.963422
-0.952950
-0.942478
-0.932006
-0.921534
-0.911062
-0.900590
-0.890118
-0.879646
-0.869174
-0.858702
-0.848230
-0.837758
-0.827286
-0.816814
-0.806342
-0.795870
-0.785398
-0.774926
-0.764454
-0.753982
-0.743510
-0.733038
-0.722566
-0.712094
-0.701622
-0.691150
-0.680678
-0.670206
-0.659734
-0.649262
-0.638791
-0.628319
-0.617847
-0.607375
-0.596903
-0.586431
-0.575959
-0.565487
-0.555015
-0.544543
-0.534071
-0.523599
-0.513127
-0.502655
-0.492183
-0.481711
-0.471239
-0.460767
-0.450295
-0.439823
-0.429351
-0.418879
-0.408407
-0.397935
-0.387463
-0.376991
-0.366519
-0.356047
-0.345575
-0.335103
-0.324631
-0.314159
-0.303687
-0.293215
-0.282743
-0.272271
-0.261799
-0.251327
-0.240855
-0.230383
-0.219911
-0.209440
-0.198968
-0.188496
-0.178024
-0.167552
-0.157080
-0.146608
-0.136136
-0.125664
-0.115192
-0.104720
-0.094248
-0.083776
-0.073304
-0.062832
-0.052360
-0.041888
-0.031416
-0.020944
-0.010472
0.000000
0.010472
0.020944
0.031416
0.041888
0.052360
0.062832
0.073304
0.083776
0.094248
0.104720
0.115192
0.125664
0.136136
0.146608
0.157080
0.167552
0.178024
0.188496
0.198968
0.209440
0.219911
0.230383
0.240855
0.251327
0.261799
0.272271
0.282743
0.293215
0.303687
0.314159
0.324631
0.335103
0.345575
0.356047
0.366519
0.376991
0.387463
0.397935
0.408407
0.418879
0.429351
0.439823
0.450295
0.460767
0.471239
0.481711
0.492183
0.502655
0.513127
0.523599
0.534071
0.544543
0.555015
0.565487
0.575959
0.586431
0.596903
0.607375
0.617847
0.628319
0.638791
0.649262
0.659734
0.670206
0.680678
0.691150
0.701622
0.712094
0.722566
0.733038
0.743510
0.753982
0.764454
0.774926
0.785398
0.795870
0.806342
0.816814
0.827286
0.837758
0.848230
0.858702
0.869174
0.879646
0.890118
0.900590
0.911062
0.921534
0.932006
0.942478
0.952950
0.963422
0.973894
0.984366
0.994838
1.005310
1.015782
1.026254
